image_width: 640
image_height: 360
camera_name: narrow_stereo
camera_matrix:
  rows: 3
  cols: 3
  data: [265.74039,   0.     , 322.55539,
           0.     , 266.67995, 178.99832,
           0.     ,   0.     ,   1.     ]
distortion_model: plumb_bob
distortion_coefficients:
  rows: 1
  cols: 5
  data: [-0.041045, 0.003561, 0.001706, -0.000652, 0.000000]
rectification_matrix:
  rows: 3
  cols: 3
  data: [1., 0., 0.,
         0., 1., 0.,
         0., 0., 1.]
projection_matrix:
  rows: 3
  cols: 4
  data: [250.07404,   0.     , 321.39748,   0.     ,
           0.     , 260.99411, 179.13152,   0.     ,
           0.     ,   0.     ,   1.     ,   0.     ]



[image]                                                                                                                                                                                                            
                                                                                                                                                                                                                   
width                                                                                                                                                                                                              
640                                                                                                                                                                                                                
                                                                                                                                                                                                                   
height                                              
360                                                 

[narrow_stereo]                                     

camera matrix                                       
266.709907 0.000000 323.118758                                                                           
0.000000 267.704162 177.743273                                                                           
0.000000 0.000000 1.000000                                                                               

distortion                                          
-0.071008 0.038994 0.000941 0.000295 0.000000                                                            

rectification                                       
1.000000 0.000000 0.000000                                                                               
0.000000 1.000000 0.000000                                                                               
0.000000 0.000000 1.000000                                                                               

projection                                          
267.785828 0.000000 322.391854 0.000000                                                                  
0.000000 268.368347 177.996466 0.000000                                                                  
0.000000 0.000000 1.000000 0.000000          
